#Base,G,A,T,C
1,21.92442520695841,10.141373578446702,15.17996741330788,52.75423380128701
2,17.17118568821218,12.851669763388527,42.43632536955128,27.540819178848018
3,22.59647795846556,17.29943930151109,26.06343621027015,34.0406465297532
4,26.604403374056595,24.42080339378792,21.854086850716083,27.1207063814394
5,27.02287189437164,28.099051252117007,25.7477350083036,19.130341845207756
6,26.83049147442327,27.578637552000263,26.154693588963614,19.436177384612854
7,13.795484815101041,29.018202147425885,41.181741947152936,16.00457109032014
8,19.000443954815267,20.675962313169016,35.16368778466547,25.159905947350246
9,20.773796800236777,18.57786474176628,34.65971685548448,25.988621602512456
10-11,20.985497476034663,30.945705970370124,25.983277701958336,22.08551885163688
12-13,20.504957495437132,25.464097209661773,30.00764588848513,24.02329940641597
14-15,20.71706924050841,26.031372806945424,29.458868408504202,23.792689544041963
16-17,21.23428167404539,26.29497630175897,28.598617979421785,23.872124044773848
18-19,21.377246493579097,26.399279806633015,28.37611194238453,23.847361757403355
20-21,21.289277669072792,26.30308959665883,28.372412318923985,24.035220415344394
22-23,21.25762533502146,26.597415196408896,28.14509101073713,23.999868457832513
24-25,21.301697312006972,26.831012837746183,27.946659431817718,23.920630418429134
26-27,21.05702352960521,26.636055708107932,28.066576779518886,24.240343982767975
28-29,21.310417403171837,27.133672605296262,27.430467060748313,24.125442930783585
30-31,21.01699792407457,26.758884344233653,27.752039956426124,24.472077775265657
32-33,21.548371714447796,26.156160847152453,27.85597421709926,24.43949322130049
34-35,21.219333727966326,26.609773743751646,28.074026571954747,24.09686595632728
36-37,21.53797457947613,26.446141703799924,27.88488416067876,24.130999556045186
38-39,21.378068632125885,26.63071180755381,28.096584836476644,23.894634723843662
40-41,21.540852064389888,26.51643454955029,27.73319959879639,24.20951378726343
42-43,21.564283012973345,26.601114819869444,27.620977687159844,24.21362447999737
44-45,21.754608086554747,26.243895621290097,27.962987322623604,24.03850896953155
46-47,22.09168489073779,26.472039068023744,27.739776707170694,23.696499334067777
48-49,21.887794531134386,26.451896673627438,27.442573622506867,24.21773517273131
50-51,21.887794531134386,26.64920992485654,27.386257132051895,24.076738411957184
52-53,22.101550553299244,26.718269562786723,27.474637025831594,23.705542858082442
54-55,21.70733512011444,26.60769192824375,27.5013565286022,24.18361642303961
56-57,21.352993406448856,26.525478073564955,27.770195833401846,24.351332686584342
58-59,21.72254468323002,26.50286926352829,27.61275630169196,24.161829751549732
60-61,21.802292122268444,26.03055066839864,27.71757896640742,24.449578242925497
62-63,22.127858986796454,26.060558725356398,27.610289886051596,24.201292401795552
64-65,21.899304470789417,26.742522649916967,27.26005886511995,24.098114014173667
66-67,21.757896640741897,26.58919381094102,27.465182432543532,24.187727115773548
68-69,22.02559327816761,26.22591637994467,27.503524933509272,24.244965408378448
70-71,21.713090089941957,26.365983195488102,27.87666277521088,24.044263939359062
72-73,21.93392445337839,26.491057151196014,27.166035672738186,24.408982722687416
74-75,21.953976684150813,26.06138086390318,27.57534899781311,24.40929345413289
76-77,21.828189486492263,26.48642649259253,27.37639146949044,24.308992551424765
78-79,21.979874048374633,26.269792985513917,27.306509693013464,24.443823273097983
80-81,21.84257691106105,26.12180804709209,27.768551556308267,24.267063485538586
82-83,22.15672491542215,26.139591477676795,27.277846974723246,24.425836632177813
84-85,22.092918098557966,25.77774306526136,27.384201785684926,24.74513705049575
86-87,22.06030460608801,26.18831315643434,27.39358312950897,24.357799107968674
88-89,21.77525106159076,26.35581480430967,27.307033013109056,24.561901120990516
90-91,22.21057521159878,26.308952714507107,27.126983931236047,24.353488142658065
92-93,22.25446832300179,25.875988621602513,27.45696104707565,24.41258200832004
94-95,22.148183469946478,26.450880928695337,27.274259452615656,24.12667614874253
96-97,22.40204219215022,25.992321225973004,27.076721969186245,24.52891461269053
98-99,22.49124422447671,26.188401269381917,27.420375881743592,23.899978624397782
100,22.41642961671901,26.362694641300955,26.943946593880003,24.276929148100038
